flow_id,size,source,target,fct
998,1023,499,999,2020
1,1023,500,0,2020
3,1023,501,1,2021
5,1023,502,2,2021
7,1023,503,3,2021
9,1023,504,4,2021
11,1023,505,5,2021
13,1023,506,6,2021
15,1023,507,7,2021
17,1023,508,8,2021
19,1023,509,9,2021
21,1023,510,10,2021
23,1023,511,11,2021
25,1023,512,12,2021
27,1023,513,13,2021
29,1023,514,14,2021
31,1023,515,15,2021
33,1023,516,16,2021
35,1023,517,17,2021
37,1023,518,18,2021
39,1023,519,19,2021
41,1023,520,20,2021
43,1023,521,21,2021
45,1023,522,22,2021
47,1023,523,23,2021
49,1023,524,24,2021
51,1023,525,25,2021
53,1023,526,26,2021
55,1023,527,27,2021
57,1023,528,28,2021
59,1023,529,29,2021
61,1023,530,30,2021
63,1023,531,31,2021
65,1023,532,32,2021
67,1023,533,33,2021
69,1023,534,34,2021
71,1023,535,35,2021
73,1023,536,36,2021
75,1023,537,37,2021
77,1023,538,38,2021
79,1023,539,39,2021
81,1023,540,40,2021
83,1023,541,41,2021
85,1023,542,42,2021
87,1023,543,43,2021
89,1023,544,44,2021
91,1023,545,45,2021
93,1023,546,46,2021
95,1023,547,47,2021
97,1023,548,48,2021
99,1023,549,49,2021
101,1023,550,50,2021
103,1023,551,51,2021
105,1023,552,52,2021
107,1023,553,53,2021
109,1023,554,54,2021
111,1023,555,55,2021
113,1023,556,56,2021
115,1023,557,57,2021
117,1023,558,58,2021
119,1023,559,59,2021
121,1023,560,60,2021
123,1023,561,61,2021
125,1023,562,62,2021
127,1023,563,63,2021
129,1023,564,64,2021
131,1023,565,65,2021
133,1023,566,66,2021
135,1023,567,67,2021
137,1023,568,68,2021
139,1023,569,69,2021
141,1023,570,70,2021
143,1023,571,71,2021
145,1023,572,72,2021
147,1023,573,73,2021
149,1023,574,74,2021
151,1023,575,75,2021
153,1023,576,76,2021
155,1023,577,77,2021
157,1023,578,78,2021
159,1023,579,79,2021
161,1023,580,80,2021
163,1023,581,81,2021
165,1023,582,82,2021
167,1023,583,83,2021
169,1023,584,84,2021
171,1023,585,85,2021
173,1023,586,86,2021
175,1023,587,87,2021
177,1023,588,88,2021
179,1023,589,89,2021
181,1023,590,90,2021
183,1023,591,91,2021
185,1023,592,92,2021
187,1023,593,93,2021
189,1023,594,94,2021
191,1023,595,95,2021
193,1023,596,96,2021
195,1023,597,97,2021
197,1023,598,98,2021
199,1023,599,99,2021
201,1023,600,100,2021
203,1023,601,101,2021
205,1023,602,102,2021
207,1023,603,103,2021
209,1023,604,104,2021
211,1023,605,105,2021
213,1023,606,106,2021
215,1023,607,107,2021
217,1023,608,108,2021
219,1023,609,109,2021
221,1023,610,110,2021
223,1023,611,111,2021
225,1023,612,112,2021
227,1023,613,113,2021
229,1023,614,114,2021
231,1023,615,115,2021
233,1023,616,116,2021
235,1023,617,117,2021
237,1023,618,118,2021
239,1023,619,119,2021
241,1023,620,120,2021
243,1023,621,121,2021
245,1023,622,122,2021
247,1023,623,123,2021
249,1023,624,124,2021
251,1023,625,125,2021
253,1023,626,126,2021
255,1023,627,127,2021
257,1023,628,128,2021
259,1023,629,129,2021
261,1023,630,130,2021
263,1023,631,131,2021
265,1023,632,132,2021
267,1023,633,133,2021
269,1023,634,134,2021
271,1023,635,135,2021
273,1023,636,136,2021
275,1023,637,137,2021
277,1023,638,138,2021
279,1023,639,139,2021
281,1023,640,140,2021
283,1023,641,141,2021
285,1023,642,142,2021
287,1023,643,143,2021
289,1023,644,144,2021
291,1023,645,145,2021
293,1023,646,146,2021
295,1023,647,147,2021
297,1023,648,148,2021
299,1023,649,149,2021
301,1023,650,150,2021
303,1023,651,151,2021
305,1023,652,152,2021
307,1023,653,153,2021
309,1023,654,154,2021
311,1023,655,155,2021
313,1023,656,156,2021
315,1023,657,157,2021
317,1023,658,158,2021
319,1023,659,159,2021
321,1023,660,160,2021
323,1023,661,161,2021
325,1023,662,162,2021
327,1023,663,163,2021
329,1023,664,164,2021
331,1023,665,165,2021
333,1023,666,166,2021
335,1023,667,167,2021
337,1023,668,168,2021
339,1023,669,169,2021
341,1023,670,170,2021
343,1023,671,171,2021
345,1023,672,172,2021
347,1023,673,173,2021
349,1023,674,174,2021
351,1023,675,175,2021
353,1023,676,176,2021
355,1023,677,177,2021
357,1023,678,178,2021
359,1023,679,179,2021
361,1023,680,180,2021
363,1023,681,181,2021
365,1023,682,182,2021
367,1023,683,183,2021
369,1023,684,184,2021
371,1023,685,185,2021
373,1023,686,186,2021
375,1023,687,187,2021
377,1023,688,188,2021
379,1023,689,189,2021
381,1023,690,190,2021
383,1023,691,191,2021
385,1023,692,192,2021
387,1023,693,193,2021
389,1023,694,194,2021
391,1023,695,195,2021
393,1023,696,196,2021
395,1023,697,197,2021
397,1023,698,198,2021
399,1023,699,199,2021
401,1023,700,200,2021
403,1023,701,201,2021
405,1023,702,202,2021
407,1023,703,203,2021
409,1023,704,204,2021
411,1023,705,205,2021
413,1023,706,206,2021
415,1023,707,207,2021
417,1023,708,208,2021
419,1023,709,209,2021
421,1023,710,210,2021
423,1023,711,211,2021
425,1023,712,212,2021
427,1023,713,213,2021
429,1023,714,214,2021
431,1023,715,215,2021
433,1023,716,216,2021
435,1023,717,217,2021
437,1023,718,218,2021
439,1023,719,219,2021
441,1023,720,220,2021
443,1023,721,221,2021
445,1023,722,222,2021
447,1023,723,223,2021
449,1023,724,224,2021
451,1023,725,225,2021
453,1023,726,226,2021
455,1023,727,227,2021
457,1023,728,228,2021
459,1023,729,229,2021
461,1023,730,230,2021
463,1023,731,231,2021
465,1023,732,232,2021
467,1023,733,233,2021
469,1023,734,234,2021
471,1023,735,235,2021
473,1023,736,236,2021
475,1023,737,237,2021
477,1023,738,238,2021
479,1023,739,239,2021
481,1023,740,240,2021
483,1023,741,241,2021
485,1023,742,242,2021
487,1023,743,243,2021
489,1023,744,244,2021
491,1023,745,245,2021
493,1023,746,246,2021
495,1023,747,247,2021
497,1023,748,248,2021
499,1023,749,249,2021
501,1023,750,250,2021
503,1023,751,251,2021
505,1023,752,252,2021
507,1023,753,253,2021
509,1023,754,254,2021
511,1023,755,255,2021
513,1023,756,256,2021
515,1023,757,257,2021
517,1023,758,258,2021
519,1023,759,259,2021
521,1023,760,260,2021
523,1023,761,261,2021
525,1023,762,262,2021
527,1023,763,263,2021
529,1023,764,264,2021
531,1023,765,265,2021
533,1023,766,266,2021
535,1023,767,267,2021
537,1023,768,268,2021
539,1023,769,269,2021
541,1023,770,270,2021
543,1023,771,271,2021
545,1023,772,272,2021
547,1023,773,273,2021
549,1023,774,274,2021
551,1023,775,275,2021
553,1023,776,276,2021
555,1023,777,277,2021
557,1023,778,278,2021
559,1023,779,279,2021
561,1023,780,280,2021
563,1023,781,281,2021
565,1023,782,282,2021
567,1023,783,283,2021
569,1023,784,284,2021
571,1023,785,285,2021
573,1023,786,286,2021
575,1023,787,287,2021
577,1023,788,288,2021
579,1023,789,289,2021
581,1023,790,290,2021
583,1023,791,291,2021
585,1023,792,292,2021
587,1023,793,293,2021
589,1023,794,294,2021
591,1023,795,295,2021
593,1023,796,296,2021
595,1023,797,297,2021
597,1023,798,298,2021
599,1023,799,299,2021
601,1023,800,300,2021
603,1023,801,301,2021
605,1023,802,302,2021
607,1023,803,303,2021
609,1023,804,304,2021
611,1023,805,305,2021
613,1023,806,306,2021
615,1023,807,307,2021
617,1023,808,308,2021
619,1023,809,309,2021
621,1023,810,310,2021
623,1023,811,311,2021
625,1023,812,312,2021
627,1023,813,313,2021
629,1023,814,314,2021
631,1023,815,315,2021
633,1023,816,316,2021
635,1023,817,317,2021
637,1023,818,318,2021
639,1023,819,319,2021
641,1023,820,320,2021
643,1023,821,321,2021
645,1023,822,322,2021
647,1023,823,323,2021
649,1023,824,324,2021
651,1023,825,325,2021
653,1023,826,326,2021
655,1023,827,327,2021
657,1023,828,328,2021
659,1023,829,329,2021
661,1023,830,330,2021
663,1023,831,331,2021
665,1023,832,332,2021
667,1023,833,333,2021
669,1023,834,334,2021
671,1023,835,335,2021
673,1023,836,336,2021
675,1023,837,337,2021
677,1023,838,338,2021
679,1023,839,339,2021
681,1023,840,340,2021
683,1023,841,341,2021
685,1023,842,342,2021
687,1023,843,343,2021
689,1023,844,344,2021
691,1023,845,345,2021
693,1023,846,346,2021
695,1023,847,347,2021
697,1023,848,348,2021
699,1023,849,349,2021
701,1023,850,350,2021
703,1023,851,351,2021
705,1023,852,352,2021
707,1023,853,353,2021
709,1023,854,354,2021
711,1023,855,355,2021
713,1023,856,356,2021
715,1023,857,357,2021
717,1023,858,358,2021
719,1023,859,359,2021
721,1023,860,360,2021
723,1023,861,361,2021
725,1023,862,362,2021
727,1023,863,363,2021
729,1023,864,364,2021
731,1023,865,365,2021
733,1023,866,366,2021
735,1023,867,367,2021
737,1023,868,368,2021
739,1023,869,369,2021
741,1023,870,370,2021
743,1023,871,371,2021
745,1023,872,372,2021
747,1023,873,373,2021
749,1023,874,374,2021
751,1023,875,375,2021
753,1023,876,376,2021
755,1023,877,377,2021
757,1023,878,378,2021
759,1023,879,379,2021
761,1023,880,380,2021
763,1023,881,381,2021
765,1023,882,382,2021
767,1023,883,383,2021
769,1023,884,384,2021
771,1023,885,385,2021
773,1023,886,386,2021
775,1023,887,387,2021
777,1023,888,388,2021
779,1023,889,389,2021
781,1023,890,390,2021
783,1023,891,391,2021
785,1023,892,392,2021
787,1023,893,393,2021
789,1023,894,394,2021
791,1023,895,395,2021
793,1023,896,396,2021
795,1023,897,397,2021
797,1023,898,398,2021
799,1023,899,399,2021
801,1023,900,400,2021
803,1023,901,401,2021
805,1023,902,402,2021
807,1023,903,403,2021
809,1023,904,404,2021
811,1023,905,405,2021
813,1023,906,406,2021
815,1023,907,407,2021
817,1023,908,408,2021
819,1023,909,409,2021
821,1023,910,410,2021
823,1023,911,411,2021
825,1023,912,412,2021
827,1023,913,413,2021
829,1023,914,414,2021
831,1023,915,415,2021
833,1023,916,416,2021
835,1023,917,417,2021
837,1023,918,418,2021
839,1023,919,419,2021
841,1023,920,420,2021
843,1023,921,421,2021
845,1023,922,422,2021
847,1023,923,423,2021
849,1023,924,424,2021
851,1023,925,425,2021
853,1023,926,426,2021
855,1023,927,427,2021
857,1023,928,428,2021
859,1023,929,429,2021
861,1023,930,430,2021
863,1023,931,431,2021
865,1023,932,432,2021
867,1023,933,433,2021
869,1023,934,434,2021
871,1023,935,435,2021
873,1023,936,436,2021
875,1023,937,437,2021
877,1023,938,438,2021
879,1023,939,439,2021
881,1023,940,440,2021
883,1023,941,441,2021
885,1023,942,442,2021
887,1023,943,443,2021
889,1023,944,444,2021
891,1023,945,445,2021
893,1023,946,446,2021
895,1023,947,447,2021
897,1023,948,448,2021
899,1023,949,449,2021
901,1023,950,450,2021
903,1023,951,451,2021
905,1023,952,452,2021
907,1023,953,453,2021
909,1023,954,454,2021
911,1023,955,455,2021
913,1023,956,456,2021
915,1023,957,457,2021
917,1023,958,458,2021
919,1023,959,459,2021
921,1023,960,460,2021
923,1023,961,461,2021
925,1023,962,462,2021
927,1023,963,463,2021
929,1023,964,464,2021
931,1023,965,465,2021
933,1023,966,466,2021
935,1023,967,467,2021
937,1023,968,468,2021
939,1023,969,469,2021
941,1023,970,470,2021
943,1023,971,471,2021
945,1023,972,472,2021
947,1023,973,473,2021
949,1023,974,474,2021
951,1023,975,475,2021
953,1023,976,476,2021
955,1023,977,477,2021
957,1023,978,478,2021
959,1023,979,479,2021
961,1023,980,480,2021
963,1023,981,481,2021
965,1023,982,482,2021
967,1023,983,483,2021
969,1023,984,484,2021
971,1023,985,485,2021
973,1023,986,486,2021
975,1023,987,487,2021
977,1023,988,488,2021
979,1023,989,489,2021
981,1023,990,490,2021
983,1023,991,491,2021
985,1023,992,492,2021
987,1023,993,493,2021
989,1023,994,494,2021
991,1023,995,495,2021
993,1023,996,496,2021
995,1023,997,497,2021
997,1023,998,498,2021
999,1023,999,499,2021
0,1023,0,500,2021
2,1023,1,501,2021
4,1023,2,502,2021
6,1023,3,503,2021
8,1023,4,504,2021
10,1023,5,505,2021
12,1023,6,506,2021
14,1023,7,507,2021
16,1023,8,508,2021
18,1023,9,509,2021
20,1023,10,510,2021
22,1023,11,511,2021
24,1023,12,512,2021
26,1023,13,513,2021
28,1023,14,514,2021
30,1023,15,515,2021
32,1023,16,516,2021
34,1023,17,517,2021
36,1023,18,518,2021
38,1023,19,519,2021
40,1023,20,520,2021
42,1023,21,521,2021
44,1023,22,522,2021
46,1023,23,523,2021
48,1023,24,524,2021
50,1023,25,525,2021
52,1023,26,526,2021
54,1023,27,527,2021
56,1023,28,528,2021
58,1023,29,529,2021
60,1023,30,530,2021
62,1023,31,531,2021
64,1023,32,532,2021
66,1023,33,533,2021
68,1023,34,534,2021
70,1023,35,535,2021
72,1023,36,536,2021
74,1023,37,537,2021
76,1023,38,538,2021
78,1023,39,539,2021
80,1023,40,540,2021
82,1023,41,541,2021
84,1023,42,542,2021
86,1023,43,543,2021
88,1023,44,544,2021
90,1023,45,545,2021
92,1023,46,546,2021
94,1023,47,547,2021
96,1023,48,548,2021
98,1023,49,549,2021
100,1023,50,550,2021
102,1023,51,551,2021
104,1023,52,552,2021
106,1023,53,553,2021
108,1023,54,554,2021
110,1023,55,555,2021
112,1023,56,556,2021
114,1023,57,557,2021
116,1023,58,558,2021
118,1023,59,559,2021
120,1023,60,560,2021
122,1023,61,561,2021
124,1023,62,562,2021
126,1023,63,563,2021
128,1023,64,564,2021
130,1023,65,565,2021
132,1023,66,566,2021
134,1023,67,567,2021
136,1023,68,568,2021
138,1023,69,569,2021
140,1023,70,570,2021
142,1023,71,571,2021
144,1023,72,572,2021
146,1023,73,573,2021
148,1023,74,574,2021
150,1023,75,575,2021
152,1023,76,576,2021
154,1023,77,577,2021
156,1023,78,578,2021
158,1023,79,579,2021
160,1023,80,580,2021
162,1023,81,581,2021
164,1023,82,582,2021
166,1023,83,583,2021
168,1023,84,584,2021
170,1023,85,585,2021
172,1023,86,586,2021
174,1023,87,587,2021
176,1023,88,588,2021
178,1023,89,589,2021
180,1023,90,590,2021
182,1023,91,591,2021
184,1023,92,592,2021
186,1023,93,593,2021
188,1023,94,594,2021
190,1023,95,595,2021
192,1023,96,596,2021
194,1023,97,597,2021
196,1023,98,598,2021
198,1023,99,599,2021
200,1023,100,600,2021
202,1023,101,601,2021
204,1023,102,602,2021
206,1023,103,603,2021
208,1023,104,604,2021
210,1023,105,605,2021
212,1023,106,606,2021
214,1023,107,607,2021
216,1023,108,608,2021
218,1023,109,609,2021
220,1023,110,610,2021
222,1023,111,611,2021
224,1023,112,612,2021
226,1023,113,613,2021
228,1023,114,614,2021
230,1023,115,615,2021
232,1023,116,616,2021
234,1023,117,617,2021
236,1023,118,618,2021
238,1023,119,619,2021
240,1023,120,620,2021
242,1023,121,621,2021
244,1023,122,622,2021
246,1023,123,623,2021
248,1023,124,624,2021
250,1023,125,625,2021
252,1023,126,626,2021
254,1023,127,627,2021
256,1023,128,628,2021
258,1023,129,629,2021
260,1023,130,630,2021
262,1023,131,631,2021
264,1023,132,632,2021
266,1023,133,633,2021
268,1023,134,634,2021
270,1023,135,635,2021
272,1023,136,636,2021
274,1023,137,637,2021
276,1023,138,638,2021
278,1023,139,639,2021
280,1023,140,640,2021
282,1023,141,641,2021
284,1023,142,642,2021
286,1023,143,643,2021
288,1023,144,644,2021
290,1023,145,645,2021
292,1023,146,646,2021
294,1023,147,647,2021
296,1023,148,648,2021
298,1023,149,649,2021
300,1023,150,650,2021
302,1023,151,651,2021
304,1023,152,652,2021
306,1023,153,653,2021
308,1023,154,654,2021
310,1023,155,655,2021
312,1023,156,656,2021
314,1023,157,657,2021
316,1023,158,658,2021
318,1023,159,659,2021
320,1023,160,660,2021
322,1023,161,661,2021
324,1023,162,662,2021
326,1023,163,663,2021
328,1023,164,664,2021
330,1023,165,665,2021
332,1023,166,666,2021
334,1023,167,667,2021
336,1023,168,668,2021
338,1023,169,669,2021
340,1023,170,670,2021
342,1023,171,671,2021
344,1023,172,672,2021
346,1023,173,673,2021
348,1023,174,674,2021
350,1023,175,675,2021
352,1023,176,676,2021
354,1023,177,677,2021
356,1023,178,678,2021
358,1023,179,679,2021
360,1023,180,680,2021
362,1023,181,681,2021
364,1023,182,682,2021
366,1023,183,683,2021
368,1023,184,684,2021
370,1023,185,685,2021
372,1023,186,686,2021
374,1023,187,687,2021
376,1023,188,688,2021
378,1023,189,689,2021
380,1023,190,690,2021
382,1023,191,691,2021
384,1023,192,692,2021
386,1023,193,693,2021
388,1023,194,694,2021
390,1023,195,695,2021
392,1023,196,696,2021
394,1023,197,697,2021
396,1023,198,698,2021
398,1023,199,699,2021
400,1023,200,700,2021
402,1023,201,701,2021
404,1023,202,702,2021
406,1023,203,703,2021
408,1023,204,704,2021
410,1023,205,705,2021
412,1023,206,706,2021
414,1023,207,707,2021
416,1023,208,708,2021
418,1023,209,709,2021
420,1023,210,710,2021
422,1023,211,711,2021
424,1023,212,712,2021
426,1023,213,713,2021
428,1023,214,714,2021
430,1023,215,715,2021
432,1023,216,716,2021
434,1023,217,717,2021
436,1023,218,718,2021
438,1023,219,719,2021
440,1023,220,720,2021
442,1023,221,721,2021
444,1023,222,722,2021
446,1023,223,723,2021
448,1023,224,724,2021
450,1023,225,725,2021
452,1023,226,726,2021
454,1023,227,727,2021
456,1023,228,728,2021
458,1023,229,729,2021
460,1023,230,730,2021
462,1023,231,731,2021
464,1023,232,732,2021
466,1023,233,733,2021
468,1023,234,734,2021
470,1023,235,735,2021
472,1023,236,736,2021
474,1023,237,737,2021
476,1023,238,738,2021
478,1023,239,739,2021
480,1023,240,740,2021
482,1023,241,741,2021
484,1023,242,742,2021
486,1023,243,743,2021
488,1023,244,744,2021
490,1023,245,745,2021
492,1023,246,746,2021
494,1023,247,747,2021
496,1023,248,748,2021
498,1023,249,749,2021
500,1023,250,750,2021
502,1023,251,751,2021
504,1023,252,752,2021
506,1023,253,753,2021
508,1023,254,754,2021
510,1023,255,755,2021
512,1023,256,756,2021
514,1023,257,757,2021
516,1023,258,758,2021
518,1023,259,759,2021
520,1023,260,760,2021
522,1023,261,761,2021
524,1023,262,762,2021
526,1023,263,763,2021
528,1023,264,764,2021
530,1023,265,765,2021
532,1023,266,766,2021
534,1023,267,767,2021
536,1023,268,768,2021
538,1023,269,769,2021
540,1023,270,770,2021
542,1023,271,771,2021
544,1023,272,772,2021
546,1023,273,773,2021
548,1023,274,774,2021
550,1023,275,775,2021
552,1023,276,776,2021
554,1023,277,777,2021
556,1023,278,778,2021
558,1023,279,779,2021
560,1023,280,780,2021
562,1023,281,781,2021
564,1023,282,782,2021
566,1023,283,783,2021
568,1023,284,784,2021
570,1023,285,785,2021
572,1023,286,786,2021
574,1023,287,787,2021
576,1023,288,788,2021
578,1023,289,789,2021
580,1023,290,790,2021
582,1023,291,791,2021
584,1023,292,792,2021
586,1023,293,793,2021
588,1023,294,794,2021
590,1023,295,795,2021
592,1023,296,796,2021
594,1023,297,797,2021
596,1023,298,798,2021
598,1023,299,799,2021
600,1023,300,800,2021
602,1023,301,801,2021
604,1023,302,802,2021
606,1023,303,803,2021
608,1023,304,804,2021
610,1023,305,805,2021
612,1023,306,806,2021
614,1023,307,807,2021
616,1023,308,808,2021
618,1023,309,809,2021
620,1023,310,810,2021
622,1023,311,811,2021
624,1023,312,812,2021
626,1023,313,813,2021
628,1023,314,814,2021
630,1023,315,815,2021
632,1023,316,816,2021
634,1023,317,817,2021
636,1023,318,818,2021
638,1023,319,819,2021
640,1023,320,820,2021
642,1023,321,821,2021
644,1023,322,822,2021
646,1023,323,823,2021
648,1023,324,824,2021
650,1023,325,825,2021
652,1023,326,826,2021
654,1023,327,827,2021
656,1023,328,828,2021
658,1023,329,829,2021
660,1023,330,830,2021
662,1023,331,831,2021
664,1023,332,832,2021
666,1023,333,833,2021
668,1023,334,834,2021
670,1023,335,835,2021
672,1023,336,836,2021
674,1023,337,837,2021
676,1023,338,838,2021
678,1023,339,839,2021
680,1023,340,840,2021
682,1023,341,841,2021
684,1023,342,842,2021
686,1023,343,843,2021
688,1023,344,844,2021
690,1023,345,845,2021
692,1023,346,846,2021
694,1023,347,847,2021
696,1023,348,848,2021
698,1023,349,849,2021
700,1023,350,850,2021
702,1023,351,851,2021
704,1023,352,852,2021
706,1023,353,853,2021
708,1023,354,854,2021
710,1023,355,855,2021
712,1023,356,856,2021
714,1023,357,857,2021
716,1023,358,858,2021
718,1023,359,859,2021
720,1023,360,860,2021
722,1023,361,861,2021
724,1023,362,862,2021
726,1023,363,863,2021
728,1023,364,864,2021
730,1023,365,865,2021
732,1023,366,866,2021
734,1023,367,867,2021
736,1023,368,868,2021
738,1023,369,869,2021
740,1023,370,870,2021
742,1023,371,871,2021
744,1023,372,872,2021
746,1023,373,873,2021
748,1023,374,874,2021
750,1023,375,875,2021
752,1023,376,876,2021
754,1023,377,877,2021
756,1023,378,878,2021
758,1023,379,879,2021
760,1023,380,880,2021
762,1023,381,881,2021
764,1023,382,882,2021
766,1023,383,883,2021
768,1023,384,884,2021
770,1023,385,885,2021
772,1023,386,886,2021
774,1023,387,887,2021
776,1023,388,888,2021
778,1023,389,889,2021
780,1023,390,890,2021
782,1023,391,891,2021
784,1023,392,892,2021
786,1023,393,893,2021
788,1023,394,894,2021
790,1023,395,895,2021
792,1023,396,896,2021
794,1023,397,897,2021
796,1023,398,898,2021
798,1023,399,899,2021
800,1023,400,900,2021
802,1023,401,901,2021
804,1023,402,902,2021
806,1023,403,903,2021
808,1023,404,904,2021
810,1023,405,905,2021
812,1023,406,906,2021
814,1023,407,907,2021
816,1023,408,908,2021
818,1023,409,909,2021
820,1023,410,910,2021
822,1023,411,911,2021
824,1023,412,912,2021
826,1023,413,913,2021
828,1023,414,914,2021
830,1023,415,915,2021
832,1023,416,916,2021
834,1023,417,917,2021
836,1023,418,918,2021
838,1023,419,919,2021
840,1023,420,920,2021
842,1023,421,921,2021
844,1023,422,922,2021
846,1023,423,923,2021
848,1023,424,924,2021
850,1023,425,925,2021
852,1023,426,926,2021
854,1023,427,927,2021
856,1023,428,928,2021
858,1023,429,929,2021
860,1023,430,930,2021
862,1023,431,931,2021
864,1023,432,932,2021
866,1023,433,933,2021
868,1023,434,934,2021
870,1023,435,935,2021
872,1023,436,936,2021
874,1023,437,937,2021
876,1023,438,938,2021
878,1023,439,939,2021
880,1023,440,940,2021
882,1023,441,941,2021
884,1023,442,942,2021
886,1023,443,943,2021
888,1023,444,944,2021
890,1023,445,945,2021
892,1023,446,946,2021
894,1023,447,947,2021
896,1023,448,948,2021
898,1023,449,949,2021
900,1023,450,950,2021
902,1023,451,951,2021
904,1023,452,952,2021
906,1023,453,953,2021
908,1023,454,954,2021
910,1023,455,955,2021
912,1023,456,956,2021
914,1023,457,957,2021
916,1023,458,958,2021
918,1023,459,959,2021
920,1023,460,960,2021
922,1023,461,961,2021
924,1023,462,962,2021
926,1023,463,963,2021
928,1023,464,964,2021
930,1023,465,965,2021
932,1023,466,966,2021
934,1023,467,967,2021
936,1023,468,968,2021
938,1023,469,969,2021
940,1023,470,970,2021
942,1023,471,971,2021
944,1023,472,972,2021
946,1023,473,973,2021
948,1023,474,974,2021
950,1023,475,975,2021
952,1023,476,976,2021
954,1023,477,977,2021
956,1023,478,978,2021
958,1023,479,979,2021
960,1023,480,980,2021
962,1023,481,981,2021
964,1023,482,982,2021
966,1023,483,983,2021
968,1023,484,984,2021
970,1023,485,985,2021
972,1023,486,986,2021
974,1023,487,987,2021
976,1023,488,988,2021
978,1023,489,989,2021
980,1023,490,990,2021
982,1023,491,991,2021
984,1023,492,992,2021
986,1023,493,993,2021
988,1023,494,994,2021
990,1023,495,995,2021
992,1023,496,996,2021
994,1023,497,997,2021
996,1023,498,998,2021
